1675439144263 1.0 720
1675439176204 2.0 1440
1675439208012 3.0 2160
1675439238542 4.0 2880
1675439293746 5.0 3600
1675439324020 6.0 4320
1675439352146 7.0 5040
1675439378820 8.0 5760
1675439406357 9.0 6480
1675439458421 10.0 7200
1675439485400 11.0 7920
1675439513012 12.0 8640
1675439540901 13.0 9360
1675439567908 14.0 10080
1675439622058 15.0 10800
1675439650197 16.0 11520
1675439678132 17.0 12240
1675439704666 18.0 12960
1675439732611 19.0 13680
1675439786075 20.0 14400
1675439813512 21.0 15120
1675439840972 22.0 15840
1675439868619 23.0 16560
1675439896639 24.0 17280
1675439948517 25.0 18000
1675439973049 26.0 18720
1675439998275 27.0 19440
1675440021565 28.0 20160
1675440044219 29.0 20880
1675440090375 30.0 21600
