1675439144265 23.0 720
1675439176206 22.0 1440
1675439208017 22.0 2160
1675439238545 22.0 2880
1675439293747 19.0 3600
1675439324023 20.0 4320
1675439352150 21.0 5040
1675439378822 21.0 5760
1675439406360 22.0 6480
1675439458423 20.0 7200
1675439485404 21.0 7920
1675439513015 21.0 8640
1675439540903 21.0 9360
1675439567911 22.0 10080
1675439622059 21.0 10800
1675439650199 21.0 11520
1675439678135 21.0 12240
1675439704669 21.0 12960
1675439732612 22.0 13680
1675439786076 21.0 14400
1675439813515 21.0 15120
1675439840977 21.0 15840
1675439868623 21.0 16560
1675439896641 22.0 17280
1675439948518 21.0 18000
1675439973051 21.0 18720
1675439998277 21.0 19440
1675440021567 22.0 20160
1675440044223 22.0 20880
1675440090376 22.0 21600
