1675439144267 31.0 720
1675439176208 62.0 1440
1675439208020 94.0 2160
1675439238546 125.0 2880
1675439293748 180.0 3600
1675439324027 210.0 4320
1675439352152 238.0 5040
1675439378824 265.0 5760
1675439406362 293.0 6480
1675439458424 345.0 7200
1675439485406 372.0 7920
1675439513017 399.0 8640
1675439540906 427.0 9360
1675439567915 454.0 10080
1675439622060 508.0 10800
1675439650200 536.0 11520
1675439678137 564.0 12240
1675439704671 591.0 12960
1675439732613 619.0 13680
1675439786077 672.0 14400
1675439813517 700.0 15120
1675439840979 727.0 15840
1675439868626 755.0 16560
1675439896643 783.0 17280
1675439948519 835.0 18000
1675439973053 859.0 18720
1675439998279 885.0 19440
1675440021569 908.0 20160
1675440044225 930.0 20880
1675440090377 977.0 21600
