1675439144270 720.0 720
1675439176211 1440.0 1440
1675439208023 2160.0 2160
1675439238548 2880.0 2880
1675439293731 3600.0 3600
1675439293748 3600.0 3600
1675439324030 4320.0 4320
1675439352155 5040.0 5040
1675439378828 5760.0 5760
1675439406363 6480.0 6480
1675439458391 7200.0 7200
1675439458425 7200.0 7200
1675439485408 7920.0 7920
1675439513019 8640.0 8640
1675439540909 9360.0 9360
1675439567918 10080.0 10080
1675439622048 10800.0 10800
1675439622061 10800.0 10800
1675439650201 11520.0 11520
1675439678139 12240.0 12240
1675439704675 12960.0 12960
1675439732614 13680.0 13680
1675439786060 14400.0 14400
1675439786078 14400.0 14400
1675439813519 15120.0 15120
1675439840981 15840.0 15840
1675439868628 16560.0 16560
1675439896645 17280.0 17280
1675439948509 18000.0 18000
1675439948519 18000.0 18000
1675439973055 18720.0 18720
1675439998280 19440.0 19440
1675440021571 20160.0 20160
1675440044227 20880.0 20880
1675440090360 21600.0 21600
1675440090377 21600.0 21600
