1675325904564 1.0 720
1675325925822 2.0 1440
1675325949772 3.0 2160
1675325972752 4.0 2880
1675326024097 5.0 3600
1675326046707 6.0 4320
1675326076407 7.0 5040
1675326105736 8.0 5760
1675326144817 9.0 6480
1675326209972 10.0 7200
1675326243764 11.0 7920
1675326273932 12.0 8640
1675326302906 13.0 9360
1675326332767 14.0 10080
1675326389031 15.0 10800
1675326418550 16.0 11520
1675326454595 17.0 12240
1675326487414 18.0 12960
1675326522361 19.0 13680
1675326588496 20.0 14400
1675326621836 21.0 15120
1675326656269 22.0 15840
1675326689036 23.0 16560
1675326723873 24.0 17280
1675326786986 25.0 18000
1675326816529 26.0 18720
1675326851242 27.0 19440
1675326885481 28.0 20160
1675326917194 29.0 20880
1675326975120 30.0 21600
