1675325904565 40.0 720
1675325925824 36.0 1440
1675325949774 34.0 2160
1675325972754 33.0 2880
1675326024098 26.0 3600
1675326046711 27.0 4320
1675326076409 26.0 5040
1675326105738 26.0 5760
1675326144818 25.0 6480
1675326209973 22.0 7200
1675326243766 22.0 7920
1675326273934 22.0 8640
1675326302908 22.0 9360
1675326332769 22.0 10080
1675326389032 21.0 10800
1675326418553 21.0 11520
1675326454598 21.0 12240
1675326487417 21.0 12960
1675326522365 21.0 13680
1675326588497 20.0 14400
1675326621841 20.0 15120
1675326656271 20.0 15840
1675326689038 20.0 16560
1675326723878 20.0 17280
1675326786987 19.0 18000
1675326816531 20.0 18720
1675326851244 20.0 19440
1675326885482 20.0 20160
1675326917195 20.0 20880
1675326975121 19.0 21600
