1675325904566 17.0 720
1675325925826 38.0 1440
1675325949776 62.0 2160
1675325972756 85.0 2880
1675326024098 137.0 3600
1675326046716 159.0 4320
1675326076412 189.0 5040
1675326105739 218.0 5760
1675326144818 257.0 6480
1675326209974 323.0 7200
1675326243769 356.0 7920
1675326273936 387.0 8640
1675326302911 416.0 9360
1675326332771 445.0 10080
1675326389033 502.0 10800
1675326418555 531.0 11520
1675326454600 567.0 12240
1675326487420 600.0 12960
1675326522368 635.0 13680
1675326588498 701.0 14400
1675326621843 734.0 15120
1675326656272 769.0 15840
1675326689041 802.0 16560
1675326723881 836.0 17280
1675326786987 900.0 18000
1675326816533 929.0 18720
1675326851246 964.0 19440
1675326885483 998.0 20160
1675326917196 1030.0 20880
1675326975122 1088.0 21600
