1675325904566 720.0 720
1675325925828 1440.0 1440
1675325949779 2160.0 2160
1675325972759 2880.0 2880
1675326024079 3600.0 3600
1675326024099 3600.0 3600
1675326046719 4320.0 4320
1675326076413 5040.0 5040
1675326105740 5760.0 5760
1675326144819 6480.0 6480
1675326209956 7200.0 7200
1675326209974 7200.0 7200
1675326243771 7920.0 7920
1675326273938 8640.0 8640
1675326302913 9360.0 9360
1675326332773 10080.0 10080
1675326389026 10800.0 10800
1675326389034 10800.0 10800
1675326418556 11520.0 11520
1675326454603 12240.0 12240
1675326487422 12960.0 12960
1675326522371 13680.0 13680
1675326588483 14400.0 14400
1675326588499 14400.0 14400
1675326621847 15120.0 15120
1675326656274 15840.0 15840
1675326689043 16560.0 16560
1675326723884 17280.0 17280
1675326786969 18000.0 18000
1675326786988 18000.0 18000
1675326816535 18720.0 18720
1675326851248 19440.0 19440
1675326885483 20160.0 20160
1675326917197 20880.0 20880
1675326975111 21600.0 21600
1675326975123 21600.0 21600
