1675440221068 1.0 720
1675440249161 2.0 1440
1675440278759 3.0 2160
1675440309254 4.0 2880
1675440359152 5.0 3600
1675440385709 6.0 4320
1675440409834 7.0 5040
1675440434924 8.0 5760
1675440459333 9.0 6480
1675440508787 10.0 7200
1675440535530 11.0 7920
1675440560137 12.0 8640
1675440586331 13.0 9360
1675440613224 14.0 10080
1675440664607 15.0 10800
1675440691462 16.0 11520
1675440717933 17.0 12240
1675440744239 18.0 12960
1675440770526 19.0 13680
1675440822065 20.0 14400
1675440850273 21.0 15120
1675440878106 22.0 15840
1675440907908 23.0 16560
1675440936065 24.0 17280
1675440989471 25.0 18000
1675441020320 26.0 18720
1675441046920 27.0 19440
1675441073412 28.0 20160
1675441101000 29.0 20880
1675441151783 30.0 21600
