1675440221070 29.0 720
1675440249162 27.0 1440
1675440278760 26.0 2160
1675440309256 25.0 2880
1675440359153 22.0 3600
1675440385710 22.0 4320
1675440409836 23.0 5040
1675440434926 24.0 5760
1675440459335 24.0 6480
1675440508789 23.0 7200
1675440535531 23.0 7920
1675440560139 23.0 8640
1675440586334 24.0 9360
1675440613228 24.0 10080
1675440664607 23.0 10800
1675440691467 23.0 11520
1675440717936 23.0 12240
1675440744241 23.0 12960
1675440770528 23.0 13680
1675440822066 23.0 14400
1675440850276 23.0 15120
1675440878108 23.0 15840
1675440907913 23.0 16560
1675440936067 23.0 17280
1675440989472 22.0 18000
1675441020323 22.0 18720
1675441046923 22.0 19440
1675441073414 22.0 20160
1675441101002 23.0 20880
1675441151784 22.0 21600
