1675440221073 24.0 720
1675440249164 52.0 1440
1675440278762 82.0 2160
1675440309258 112.0 2880
1675440359153 162.0 3600
1675440385710 189.0 4320
1675440409838 213.0 5040
1675440434928 238.0 5760
1675440459337 262.0 6480
1675440508789 312.0 7200
1675440535533 338.0 7920
1675440560141 363.0 8640
1675440586336 389.0 9360
1675440613231 416.0 10080
1675440664608 467.0 10800
1675440691471 494.0 11520
1675440717939 521.0 12240
1675440744247 547.0 12960
1675440770531 573.0 13680
1675440822067 625.0 14400
1675440850278 653.0 15120
1675440878112 681.0 15840
1675440907916 711.0 16560
1675440936070 739.0 17280
1675440989473 792.0 18000
1675441020326 823.0 18720
1675441046925 850.0 19440
1675441073416 876.0 20160
1675441101008 904.0 20880
1675441151785 955.0 21600
