1675440221076 720.0 720
1675440249166 1440.0 1440
1675440278764 2160.0 2160
1675440309259 2880.0 2880
1675440359135 3600.0 3600
1675440359154 3600.0 3600
1675440385711 4320.0 4320
1675440409841 5040.0 5040
1675440434931 5760.0 5760
1675440459339 6480.0 6480
1675440508779 7200.0 7200
1675440508790 7200.0 7200
1675440535534 7920.0 7920
1675440560143 8640.0 8640
1675440586338 9360.0 9360
1675440613233 10080.0 10080
1675440664598 10800.0 10800
1675440664609 10800.0 10800
1675440691474 11520.0 11520
1675440717941 12240.0 12240
1675440744250 12960.0 12960
1675440770534 13680.0 13680
1675440822058 14400.0 14400
1675440822069 14400.0 14400
1675440850281 15120.0 15120
1675440878116 15840.0 15840
1675440907918 16560.0 16560
1675440936075 17280.0 17280
1675440989460 18000.0 18000
1675440989474 18000.0 18000
1675441020328 18720.0 18720
1675441046927 19440.0 19440
1675441073418 20160.0 20160
1675441101010 20880.0 20880
1675441151774 21600.0 21600
1675441151786 21600.0 21600
