1675439176213 0.0001 1440
1675439208025 0.0001 2160
1675439238549 0.0001 2880
1675439293732 0.0001 3600
1675439324034 0.0001 4320
1675439352157 0.0001 5040
1675439378833 0.0001 5760
1675439406364 0.0001 6480
1675439458393 0.0001 7200
1675439485410 0.0001 7920
1675439513022 0.0001 8640
1675439540911 0.0001 9360
1675439567923 0.0001 10080
1675439622050 0.0001 10800
1675439650202 0.0001 11520
1675439678142 0.0001 12240
1675439704679 0.0001 12960
1675439732615 0.0001 13680
1675439786062 0.0001 14400
1675439813521 0.0001 15120
1675439840983 0.0001 15840
1675439868630 0.0001 16560
1675439896647 0.0001 17280
1675439948510 0.0001 18000
1675439973057 0.0001 18720
1675439998281 0.0001 19440
1675440021573 0.0001 20160
1675440044230 0.0001 20880
1675440090362 0.0001 21600
