1675439176216 0.015191427432000637 1440
1675439208026 0.013095694594085217 2160
1675439238551 0.015768609941005707 2880
1675439293733 0.012846910394728184 3600
1675439324039 0.015431116335093975 4320
1675439352159 0.01242589857429266 5040
1675439378835 0.010730269365012646 5760
1675439406365 0.010455369018018246 6480
1675439458396 0.00971012469381094 7200
1675439485414 0.01029308419674635 7920
1675439513023 0.011933324858546257 8640
1675439540913 0.012101198546588421 9360
1675439567927 0.01737145334482193 10080
1675439622051 0.01832536980509758 10800
1675439650203 0.016567889600992203 11520
1675439678144 0.01595453917980194 12240
1675439704682 0.012557899579405785 12960
1675439732615 0.014546598307788372 13680
1675439786066 0.015593168325722218 14400
1675439813523 0.019772233441472054 15120
1675439840988 0.012548180297017097 15840
1675439868632 0.017003269866108894 16560
1675439896649 0.014331773854792118 17280
1675439948512 0.015124073252081871 18000
1675439973058 0.016481271013617516 18720
1675439998283 0.012253530323505402 19440
1675440021574 0.018607329577207565 20160
1675440044231 0.015353524126112461 20880
1675440090363 0.014295351691544056 21600
