1675439176220 439.0 1440
1675439208027 1159.0 2160
1675439238552 1879.0 2880
1675439293733 2599.0 3600
1675439324042 3319.0 4320
1675439352161 4039.0 5040
1675439378837 4759.0 5760
1675439406366 5479.0 6480
1675439458398 6199.0 7200
1675439485417 6919.0 7920
1675439513027 7639.0 8640
1675439540914 8359.0 9360
1675439567930 9079.0 10080
1675439622053 9799.0 10800
1675439650205 10519.0 11520
1675439678146 11239.0 12240
1675439704684 11959.0 12960
1675439732616 12679.0 13680
1675439786068 13399.0 14400
1675439813524 14119.0 15120
1675439840994 14839.0 15840
1675439868634 15559.0 16560
1675439896652 16279.0 17280
1675439948513 16999.0 18000
1675439973059 17719.0 18720
1675439998284 18439.0 19440
1675440021576 19159.0 20160
1675440044232 19879.0 20880
1675440090364 20599.0 21600
