1675441327675 0.0001 1440
1675441351528 0.0001 2160
1675441379740 0.0001 2880
1675441431672 0.0001 3600
1675441453657 0.0001 4320
1675441481173 0.0001 5040
1675441510447 0.0001 5760
1675441539562 0.0001 6480
1675441592243 0.0001 7200
1675441614031 0.0001 7920
1675441640787 0.0001 8640
1675441665711 0.0001 9360
1675441693073 0.0001 10080
1675441745624 0.0001 10800
1675441771466 0.0001 11520
1675441796499 0.0001 12240
1675441821298 0.0001 12960
1675441845546 0.0001 13680
1675441891170 0.0001 14400
1675441915545 0.0001 15120
1675441937491 0.0001 15840
1675441958522 0.0001 16560
1675441978412 0.0001 17280
1675442020092 0.0001 18000
1675442039911 0.0001 18720
1675442061897 0.0001 19440
1675442082561 0.0001 20160
1675442103453 0.0001 20880
1675442139892 0.0001 21600
