1675441327677 0.009032214991748333 1440
1675441351531 0.008466167375445366 2160
1675441379742 0.007959935814142227 2880
1675441431673 0.005638767499476671 3600
1675441453658 0.006682564504444599 4320
1675441481174 0.014194185845553875 5040
1675441510448 0.02104838937520981 5760
1675441539563 0.018788855522871017 6480
1675441592244 0.016899410635232925 7200
1675441614031 0.015753477811813354 7920
1675441640788 0.013126570731401443 8640
1675441665712 0.012302602641284466 9360
1675441693073 0.016992822289466858 10080
1675441745625 0.015013775788247585 10800
1675441771468 0.012388685718178749 11520
1675441796501 0.012071523815393448 12240
1675441821299 0.013906553387641907 12960
1675441845547 0.012684964574873447 13680
1675441891171 0.007865453138947487 14400
1675441915546 0.005256584379822016 15120
1675441937492 0.006939632352441549 15840
1675441958524 0.010298452340066433 16560
1675441978414 0.010260100476443768 17280
1675442020093 0.005674443207681179 18000
1675442039913 0.00862951297312975 18720
1675442061899 0.008394000120460987 19440
1675442082563 0.014378627762198448 20160
1675442103455 0.01132579892873764 20880
1675442139894 0.007974473759531975 21600
