1675441327682 439.0 1440
1675441351534 1159.0 2160
1675441379743 1879.0 2880
1675441431674 2599.0 3600
1675441453660 3319.0 4320
1675441481175 4039.0 5040
1675441510448 4759.0 5760
1675441539564 5479.0 6480
1675441592246 6199.0 7200
1675441614032 6919.0 7920
1675441640790 7639.0 8640
1675441665714 8359.0 9360
1675441693074 9079.0 10080
1675441745626 9799.0 10800
1675441771470 10519.0 11520
1675441796503 11239.0 12240
1675441821300 11959.0 12960
1675441845548 12679.0 13680
1675441891172 13399.0 14400
1675441915547 14119.0 15120
1675441937493 14839.0 15840
1675441958525 15559.0 16560
1675441978416 16279.0 17280
1675442020095 16999.0 18000
1675442039914 17719.0 18720
1675442061901 18439.0 19440
1675442082565 19159.0 20160
1675442103456 19879.0 20880
1675442139895 20599.0 21600
