1675440249167 0.0001 1440
1675440278765 0.0001 2160
1675440309261 0.0001 2880
1675440359137 0.0001 3600
1675440385712 0.0001 4320
1675440409844 0.0001 5040
1675440434933 0.0001 5760
1675440459342 0.0001 6480
1675440508780 0.0001 7200
1675440535535 0.0001 7920
1675440560144 0.0001 8640
1675440586341 0.0001 9360
1675440613235 0.0001 10080
1675440664599 0.0001 10800
1675440691476 0.0001 11520
1675440717942 0.0001 12240
1675440744252 0.0001 12960
1675440770536 0.0001 13680
1675440822059 0.0001 14400
1675440850285 0.0001 15120
1675440878118 0.0001 15840
1675440907920 0.0001 16560
1675440936077 0.0001 17280
1675440989461 0.0001 18000
1675441020333 0.0001 18720
1675441046929 0.0001 19440
1675441073419 0.0001 20160
1675441101011 0.0001 20880
1675441151775 0.0001 21600
