1675440249169 0.006994116120040417 1440
1675440278767 0.011318251490592957 2160
1675440309262 0.017795369029045105 2880
1675440359138 0.018389608711004257 3600
1675440385712 0.012538024224340916 4320
1675440409846 0.008074669167399406 5040
1675440434934 0.013706184923648834 5760
1675440459344 0.009262753650546074 6480
1675440508782 0.00899825245141983 7200
1675440535536 0.013750961981713772 7920
1675440560146 0.010279472917318344 8640
1675440586346 0.011837534606456757 9360
1675440613237 0.020632006227970123 10080
1675440664601 0.014537505805492401 10800
1675440691478 0.013944443315267563 11520
1675440717944 0.015496482141315937 12240
1675440744254 0.014392363838851452 12960
1675440770538 0.01765213906764984 13680
1675440822060 0.013276895508170128 14400
1675440850287 0.016678767278790474 15120
1675440878120 0.01719733700156212 15840
1675440907921 0.019767148420214653 16560
1675440936079 0.017574304714798927 17280
1675440989463 0.01144979614764452 18000
1675441020335 0.012274941429495811 18720
1675441046930 0.012685214169323444 19440
1675441073420 0.0166566651314497 20160
1675441101013 0.013211270794272423 20880
1675441151776 0.011413750238716602 21600
