1675440249170 439.0 1440
1675440278768 1159.0 2160
1675440309263 1879.0 2880
1675440359139 2599.0 3600
1675440385713 3319.0 4320
1675440409848 4039.0 5040
1675440434935 4759.0 5760
1675440459345 5479.0 6480
1675440508783 6199.0 7200
1675440535537 6919.0 7920
1675440560148 7639.0 8640
1675440586348 8359.0 9360
1675440613240 9079.0 10080
1675440664603 9799.0 10800
1675440691480 10519.0 11520
1675440717947 11239.0 12240
1675440744256 11959.0 12960
1675440770543 12679.0 13680
1675440822061 13399.0 14400
1675440850290 14119.0 15120
1675440878122 14839.0 15840
1675440907923 15559.0 16560
1675440936081 16279.0 17280
1675440989464 16999.0 18000
1675441020337 17719.0 18720
1675441046931 18439.0 19440
1675441073421 19159.0 20160
1675441101014 19879.0 20880
1675441151777 20599.0 21600
