1675441303927 1.0 720
1675441327665 2.0 1440
1675441351516 3.0 2160
1675441379734 4.0 2880
1675441431687 5.0 3600
1675441453648 6.0 4320
1675441481171 7.0 5040
1675441510444 8.0 5760
1675441539560 9.0 6480
1675441592258 10.0 7200
1675441614021 11.0 7920
1675441640783 12.0 8640
1675441665702 13.0 9360
1675441693070 14.0 10080
1675441745630 15.0 10800
1675441771458 16.0 11520
1675441796491 17.0 12240
1675441821290 18.0 12960
1675441845536 19.0 13680
1675441891176 20.0 14400
1675441915537 21.0 15120
1675441937484 22.0 15840
1675441958513 23.0 16560
1675441978403 24.0 17280
1675442020108 25.0 18000
1675442039902 26.0 18720
1675442061888 27.0 19440
1675442082552 28.0 20160
1675442103444 29.0 20880
1675442139900 30.0 21600
