1675441303928 30.0 720
1675441327668 30.0 1440
1675441351519 30.0 2160
1675441379735 29.0 2880
1675441431687 23.0 3600
1675441453650 24.0 4320
1675441481172 25.0 5040
1675441510445 25.0 5760
1675441539561 25.0 6480
1675441592259 23.0 7200
1675441614028 23.0 7920
1675441640784 23.0 8640
1675441665704 24.0 9360
1675441693070 24.0 10080
1675441745631 23.0 10800
1675441771460 23.0 11520
1675441796493 23.0 12240
1675441821292 23.0 12960
1675441845538 24.0 13680
1675441891177 23.0 14400
1675441915540 23.0 15120
1675441937486 24.0 15840
1675441958516 24.0 16560
1675441978405 24.0 17280
1675442020109 24.0 18000
1675442039904 24.0 18720
1675442061890 24.0 19440
1675442082554 25.0 20160
1675442103447 25.0 20880
1675442139901 25.0 21600
