1675441303930 23.0 720
1675441327671 47.0 1440
1675441351521 71.0 2160
1675441379737 99.0 2880
1675441431688 151.0 3600
1675441453653 173.0 4320
1675441481172 200.0 5040
1675441510446 230.0 5760
1675441539561 259.0 6480
1675441592259 311.0 7200
1675441614029 333.0 7920
1675441640785 360.0 8640
1675441665707 385.0 9360
1675441693071 412.0 10080
1675441745632 465.0 10800
1675441771462 491.0 11520
1675441796495 516.0 12240
1675441821294 540.0 12960
1675441845541 565.0 13680
1675441891178 610.0 14400
1675441915542 635.0 15120
1675441937488 657.0 15840
1675441958518 678.0 16560
1675441978407 697.0 17280
1675442020110 739.0 18000
1675442039907 759.0 18720
1675442061893 781.0 19440
1675442082557 802.0 20160
1675442103449 823.0 20880
1675442139901 859.0 21600
