1675441303932 720.0 720
1675441327673 1440.0 1440
1675441351523 2160.0 2160
1675441379738 2880.0 2880
1675441431671 3600.0 3600
1675441431688 3600.0 3600
1675441453655 4320.0 4320
1675441481173 5040.0 5040
1675441510446 5760.0 5760
1675441539562 6480.0 6480
1675441592242 7200.0 7200
1675441592260 7200.0 7200
1675441614030 7920.0 7920
1675441640785 8640.0 8640
1675441665709 9360.0 9360
1675441693072 10080.0 10080
1675441745623 10800.0 10800
1675441745633 10800.0 10800
1675441771464 11520.0 11520
1675441796497 12240.0 12240
1675441821296 12960.0 12960
1675441845544 13680.0 13680
1675441891169 14400.0 14400
1675441891178 14400.0 14400
1675441915543 15120.0 15120
1675441937489 15840.0 15840
1675441958520 16560.0 16560
1675441978410 17280.0 17280
1675442020091 18000.0 18000
1675442020110 18000.0 18000
1675442039909 18720.0 18720
1675442061895 19440.0 19440
1675442082559 20160.0 20160
1675442103451 20880.0 20880
1675442139891 21600.0 21600
1675442139902 21600.0 21600
