1675325925831 0.0001 1440
1675325949781 0.0001 2160
1675325972761 0.0001 2880
1675326024080 0.0001 3600
1675326046720 0.0001 4320
1675326076415 0.0001 5040
1675326105741 0.0001 5760
1675326144820 0.0001 6480
1675326209957 0.0001 7200
1675326243773 0.0001 7920
1675326273940 0.0001 8640
1675326302915 0.0001 9360
1675326332775 0.0001 10080
1675326389027 0.0001 10800
1675326418558 0.0001 11520
1675326454608 0.0001 12240
1675326487424 0.0001 12960
1675326522374 0.0001 13680
1675326588486 0.0001 14400
1675326621852 0.0001 15120
1675326656275 0.0001 15840
1675326689048 0.0001 16560
1675326723886 0.0001 17280
1675326786970 0.0001 18000
1675326816536 0.0001 18720
1675326851250 0.0001 19440
1675326885484 0.0001 20160
1675326917197 0.0001 20880
1675326975113 0.0001 21600
