1675325925833 0.17586703598499298 1440
1675325949783 0.1639125496149063 2160
1675325972762 0.13877902925014496 2880
1675326024081 0.10166987776756287 3600
1675326046721 0.06454379856586456 4320
1675326076416 0.05231361463665962 5040
1675326105742 0.021467292681336403 5760
1675326144822 0.029503392055630684 6480
1675326209959 0.013327949680387974 7200
1675326243774 0.010263679549098015 7920
1675326273942 0.00909706111997366 8640
1675326302917 0.012758517637848854 9360
1675326332777 0.013852295465767384 10080
1675326389028 0.010144231840968132 10800
1675326418559 0.011948499828577042 11520
1675326454611 0.007353335618972778 12240
1675326487426 0.0109475152567029 12960
1675326522377 0.00849167164415121 13680
1675326588488 0.012586098164319992 14400
1675326621857 0.010774759575724602 15120
1675326656276 0.0074934521690011024 15840
1675326689053 0.016035614535212517 16560
1675326723888 0.00837767869234085 17280
1675326786972 0.01259340438991785 18000
1675326816537 0.011573906056582928 18720
1675326851252 0.006774301640689373 19440
1675326885485 0.009718154557049274 20160
1675326917198 0.012860286049544811 20880
1675326975114 0.010100394487380981 21600
