1675325925834 439.0 1440
1675325949785 1159.0 2160
1675325972763 1879.0 2880
1675326024082 2599.0 3600
1675326046722 3319.0 4320
1675326076418 4039.0 5040
1675326105743 4759.0 5760
1675326144823 5479.0 6480
1675326209960 6199.0 7200
1675326243776 6919.0 7920
1675326273943 7639.0 8640
1675326302919 8359.0 9360
1675326332779 9079.0 10080
1675326389028 9799.0 10800
1675326418560 10519.0 11520
1675326454614 11239.0 12240
1675326487428 11959.0 12960
1675326522379 12679.0 13680
1675326588490 13399.0 14400
1675326621861 14119.0 15120
1675326656277 14839.0 15840
1675326689058 15559.0 16560
1675326723890 16279.0 17280
1675326786973 16999.0 18000
1675326816538 17719.0 18720
1675326851254 18439.0 19440
1675326885485 19159.0 20160
1675326917199 19879.0 20880
1675326975116 20599.0 21600
